12 10 8 7 4 16 15 14 9 16 4 2 3 5 3 7 9 12 9 8 7 15 16 15 12 16 4 2 3 5 3 4 3 8 9 7 9 8 8 10 12 10 9 7 9 12 12 7 7 8 7 8 10 8 7 9 12 10 8 5 4 8 12 4 3 7 3 0 2 4 4 2 3 3 0 4 -3 12 16 14 7 6 4 5 9 12 8 9 9 11 12 11 9 12 7 7 5 4 2 4 5 7 8 9 8 4 9 12 7 7 15 12 10 4 2 4 5 7 9 3 7 9 19 17 15 12 9 7 9 9 8 9 8 4 4 8 4 3 8 10 12 10 9 12 
7 9 7 15 15 13 12 10 7 9 7 15 12 15 19 15 13 12 10 15 12 15 12 12 7 9 12 13 15 7 12 10 9 12 7 7 7 7 15 17 15 15 7 3 3 7 9 15 17 15 15 15 14 4 2 4 4 3 5 7 8 12 15 15 7 3 3 7 5 3 7 12 16 16 15 13 7 5 3 3 7 5 3 9 8 9 16 15 15 12 9 15 9 9 10 12 10 9 12 
16 14 12 10 4 7 8 7 5 -4 3 5 7 8 8 7 4 5 8 7 9 11 9 12 7 7 4 4 12 7 7 4 4 8 12 7 3 15 3 0 7 9 8 8 7 15 3 2 4 7 9 7 9 4 7 3 2 3 0 12 4 4 -3 4 7 7 16 16 7 5 3 7 4 5 5 3 3 2 2 4 7 8 8 7 -3 -5 -5 -4 7 9 9 7 8 7 5 3 5 9 11 9 9 10 9 12 
4 7 8 3 7 4 5 7 9 16 14 12 10 7 15 7 6 4 3 3 5 7 9 15 16 19 17 15 12 9 7 3 2 -3 4 6 7 9 12 13 15 14 7 5 3 7 9 10 12 10 9 12 7 8 7 16 7 9 4 7 7 12 16 7 3 8 7 4 6 7 9 9 12 4 2 3 3 1 3 3 2 4 4 2 3 7 3 0 3 7 9 7 7 5 4 3 8 10 8 8 10 9 9 11 9 12 
7 7 4 4 2 3 2 0 3 4 5 7 9 7 12 9 7 15 15 14 15 17 8 7 8 3 4 6 7 9 4 7 12 7 4 12 7 6 4 3 9 9 8 9 9 10 12 10 9 12 4 4 4 4 7 7 7 7 7 9 7 4 7 9 15 12 7 5 3 2 -3 12 4 6 8 10 16 12 7 9 3 7 3 12 8 4 4 7 9 11 15 17 15 14 7 5 4 9 8 9 9 12 11 9 12 
7 3 4 19 7 9 8 12 14 15 15 16 14 12 10 8 7 3 2 3 3 0 -3 12 8 7 15 7 4 5 7 9 12 8 7 3 7 8 7 8 7 5 3 4 4 8 9 4 8 9 4 2 0 2 3 0 4 4 12 7 8 7 4 5 7 4 3 7 9 12 15 7 9 7 5 3 4 5 7 9 4 7 12 9 8 8 10 12 10 9 12 7 7 3 4 15 12 9 9 9 12 8 7 12 4 7 8 7 4 3 3 0 3 -3 4 3 19 7 5 4 9 8 4 4 8 9 4 3 3 4 3 8 10 12 10 9 12 
7 9 7 3 8 7 4 4 5 7 4 8 7 7 5 3 4 -3 9 10 9 12 7 4 4 4 6 7 4 5 9 3 7 9 15 12 11 9 7 12 10 8 7 8 15 14 4 9 8 7 3 -4 3 3 3 15 12 12 12 4 4 8 7 4 4 7 8 12 10 16 14 12 10 8 7 3 1 -3 -5 -7 -5 -4 -2 7 9 3 5 7 3 8 7 8 4 7 3 7 4 8 7 9 7 3 3 1 3 3 2 3 0 
7 4 7 8 7 15 13 7 5 3 5 7 8 8 7 8 7 3 3 4 4 5 12 10 9 8 8 10 12 10 9 7 9 12 15 13 4 6 7 4 7 7 9 7 5 4 7 3 5 7 8 4 5 7 4 8 6 4 7 4 6 7 4 8 7 9 3 4 4 5 7 10 8 7 9 12 0 8 8 7 9 8 7 5 3 9 8 7 8 7 5 4 4 3 3 7 8 7 4 12 15 8 7 9 16 15 15 14 12 10 9 7 11 12 15 15 16 14 12 10 8 9 9 3 8 10 12 10 9 7 9 12 
3 2 0 2 4 3 7 12 10 8 12 7 8 15 7 7 7 7 12 10 3 2 0 2 4 7 8 12 10 9 8 8 10 12 10 9 12 15 4 8 7 9 12 3 4 8 7 9 12 7 15 19 16 15 16 4 7 12 9 4 8 4 7 12 4 7 12 8 7 15 12 7 15 8 7 9 7 10 9 12 0 7 12 4 7 12 12 7 3 15 12 7 15 8 7 9 9 7 8 10 9 12 
-4 -7 -3 -1 3 5 7 9 16 17 19 17 15 14 7 5 4 2 3 15 15 12 8 9 9 8 7 9 7 5 16 14 16 15 15 14 12 10 7 4 8 10 9 7 9 12 7 9 7 -3 -4 -3 0 3 3 4 7 4 4 8 7 7 3 4 3 8 12 12 9 7 4 4 7 9 12 9 7 8 7 4 7 9 10 12 8 7 4 6 7 8 4 6 7 9 4 5 7 9 8 12 7 9 7 3 7 9 8 7 8 7 6 4 2 3 5 9 11 12 13 15 16 16 12 10 9 12 
7 9 12 4 3 4 12 15 16 15 7 9 16 9 14 16 7 4 16 16 19 16 16 12 7 3 5 4 0 19 4 12 12 15 12 16 19 15 7 9 12 7 3 8 8 7 4 15 7 12 15 7 8 9 9 12 7 15 7 16 7 7 4 8 15 16 9 4 8 7 7 4 12 15 16 7 15 7 16 12 15 7 4 9 7 3 7 7 7 16 16 4 0 16 
7 3 7 4 7 3 -3 -4 -3 -5 -7 -9 -12 -9 -7 -4 -3 -3 7 3 7 9 12 4 2 3 1 -3 -7 -9 -3 4 7 3 7 7 4 4 4 7 -4 -3 -1 3 5 7 5 4 2 -7 4 8 7 3 2 -3 -3 -3 -5 -7 -9 -3 -2 3 3 3 2 0 -2 -4 -8 -7 -4 -2 4 3 7 5 3 2 -4 -8 -7 -12 -12 -7 -9 3 5 4 5 8 7 5 4 4 8 9 4 2 0 2 3 0 
3 3 8 7 16 4 7 9 12 15 15 13 12 10 8 7 3 4 7 12 7 8 12 16 19 16 15 19 16 14 12 19 3 7 5 4 2 3 3 1 3 0 7 9 4 4 7 9 7 3 7 9 7 7 5 8 7 6 4 2 3 7 5 7 3 9 7 8 3 7 9 7 9 7 9 7 8 4 6 7 10 9 7 9 12 9 15 16 7 9 8 7 7 11 9 12 15 16 15 15 7 4 7 8 12 7 4 3 4 9 12 9 7 9 7 9 7 8 4 6 7 10 9 7 9 12 
7 9 9 7 3 7 9 9 7 9 7 8 7 9 7 5 4 4 3 5 12 13 15 14 12 10 -4 -3 -3 0 3 3 4 9 8 7 9 11 11 10 12 10 9 12 7 7 9 7 5 4 5 7 5 9 12 15 13 12 15 7 9 7 5 4 7 12 7 3 5 7 8 8 7 9 12 7 9 12 4 3 3 2 3 0 -7 4 5 7 9 12 10 9 7 3 7 3 8 8 7 16 14 12 10 7 5 3 0 -3 -3 9 10 12 10 9 7 9 7 9 12 
